1000
4 28 43 2 18 14 11 28 27 30 4 25 22 23 43 37 43 21 35 7 36 8 5 27 32 34 24 14 48 16 2 4 44 45 7 14 11 18 42 38 0 48 15 22 23 11 12 19 32 47 28 20 7 36 0 40 20 24 6 20 42 8 27 36 6 36 3 19 4 47 8 7 46 25 29 21 36 41 40 20 38 21 41 46 7 41 38 29 17 46 49 10 7 28 48 15 14 1 34 19
49 44 28 47 20 7 18 6 1 11 29 41 34 20 39 41 13 29 20 30 26 21 42 35 0 41 0 14 42 34 35 41 29 13 40 1 23 9 9 26 22 38 17 6 10 7 49 23 36 19 6 14 42 48 1 44 39 1 11 32 38 48 25 19 14 16 20 37 27 29 13 1 20 32 7 30 41 6 4 30 27 10 44 21 8 48 16 0 49 29 32 39 27 9 8 41 27 30 30 4
10 45 5 30 28 14 12 19 22 16 49 1 28 46 23 39 44 41 39 45 22 23 35 49 34 45 43 12 26 23 16 38 19 24 20 49 40 32 18 13 1 20 14 29 16 39 20 12 32 9 7 4 34 44 4 19 40 49 31 16 22 49 6 43 25 26 42 16 8 13 29 11 33 45 43 1 37 13 15 19 25 22 26 9 19 30 30 9 31 13 27 3 15 33 47 40 11 41 8 21
6 37 33 41 35 26 42 24 39 9 43 16 32 19 28 3 1 8 12 32 24 41 38 39 24 37 29 35 30 38 8 37 27 41 28 14 17 23 38 9 32 34 27 16 5 5 19 9 16 31 43 40 22 33 29 48 20 10 35 1 0 44 40 30 37 18 46 7 41 35 18 26 21 45 42 26 1 12 37 19 45 33 9 20 16 40 18 37 0 6 40 3 2 30 35 39 0 31 48 44
16 16 20 39 12 12 18 15 26 5 34 22 38 45 42 5 35 12 44 37 20 36 42 22 18 27 14 18 9 14 12 27 31 34 17 45 47 37 10 23 42 46 47 33 41 39 40 28 4 36 17 24 22 10 49 40 37 15 10 46 29 25 26 12 9 43 7 8 30 19 34 24 17 31 9 10 23 1 40 27 37 8 3 11 18 4 3 7 19 14 6 1 39 32 15 0 27 25 9 9
46 43 33 16 24 45 26 47 46 17 26 36 27 30 47 47 34 1 4 6 17 10 9 8 42 26 8 21 1 17 30 48 10 16 16 37 11 42 34 9 11 13 45 40 43 45 37 29 46 42 37 15 2 48 23 47 25 31 18 28 1 1 28 11 17 44 0 30 37 37 39 0 0 37 41 45 32 28 26 28 22 14 45 27 14 18 24 39 1 44 18 2 45 48 16 14 43 16 44 32
3 34 34 3 21 25 0 5 6 27 35 30 43 30 7 7 48 33 49 49 28 17 2 25 17 20 40 10 36 34 42 40 20 27 45 43 4 46 48 12 23 33 43 16 13 0 25 13 34 24 13 14 43 17 39 11 37 31 21 25 18 16 15 38 45 13 34 49 11 32 12 34 18 7 2 31 7 27 45 43 4 10 7 47 29 49 8 18 30 30 43 48 48 11 39 43 24 23 44 35
7 8 21 25 15 25 9 23 4 6 16 8 18 26 6 47 25 14 17 7 46 10 8 46 23 49 39 49 24 34 36 31 42 9 9 8 34 18 33 41 26 1 49 44 27 7 43 4 24 10 12 22 22 22 19 48 21 8 47 45 44 34 26 39 43 37 47 30 7 32 21 33 33 22 29 13 32 22 19 6 34 31 28 9 5 47 7 26 8 6 21 4 42 0 43 38 39 40 18 47
24 41 30 8 15 12 23 47 36 42 3 21 26 34 32 31 31 41 8 41 49 31 46 42 33 39 30 23 32 48 20 6 41 2 16 6 14 41 4 1 34 9 24 10 43 8 43 27 49 3 18 48 37 16 42 20 8 22 45 40 22 15 48 13 20 15 22 36 6 28 37 42 37 13 4 33 21 48 10 22 3 30 23 40 49 15 11 7 40 6 49 12 24 47 28 46 14 2 32 23

